28 28 8
1 1     0.11200E-08 0.00000E+00 0.00000E+00 0.00000E+00   39.70    0.00   0.00   0.00
2 1     0.13200E-08 0.00000E+00 0.00000E+00 0.00000E+00   64.70    0.00   0.00   0.00
2 2    0.47995E-08 0.00000E+00 0.00000E+00 0.00000E+00   91.80    0.00   0.00   0.00
3 1     0.52662E-09 0.00000E+00 0.00000E+00 0.00000E+00    4.01    0.00   0.00   0.00
3 2    0.12621E-08 0.00000E+00 0.00000E+00 0.00000E+00  118.51    0.00   0.00   0.00
3 3     0.87198E-08 0.00000E+00 0.00000E+00 0.00000E+00  159.13    0.00   0.00   0.00
4 1     0.13602E-08 0.00000E+00 0.00000E+00 0.00000E+00    9.95    0.00   0.00   0.00
4 2    0.14382E-08 0.00000E+00 0.00000E+00 0.00000E+00    5.97    0.00   0.00   0.00
4 3     0.61189E-08 0.00000E+00 0.00000E+00 0.00000E+00  194.86    0.00   0.00   0.00
4 4      0.16138E-07 0.00000E+00 0.00000E+00 0.00000E+00  245.90    0.00   0.00   0.00
5 1     0.10422E-08 0.58484E-09 0.56306E-10 0.00000E+00   12.57  162.90   6.30   0.00
5 2    0.46178E-11 0.28234E-08 0.00000E+00 0.00000E+00    0.49   11.78   0.00   0.00
5 3     0.53858E-09 0.15056E-08 0.60332E-09 0.00000E+00  185.96   17.99   2.41   0.00
5 4      0.14008E-07 0.00000E+00 0.00000E+00 0.00000E+00  287.34    0.00   0.00   0.00
5 5     0.33558E-07 0.00000E-00 0.00000E-00 0.00000E+00  356.46    0.00   0.00   0.00
6 1     0.23837E-08 0.00000E+00 0.00000E+00 0.00000E+00   18.96    0.00   0.00   0.00
6 2    0.20570E-09 0.30609E-08 0.28010E-11 0.00000E+00   10.22   16.81   2.19   0.00
6 3     0.64383E-08 0.00000E+00 0.00000E+00 0.00000E+00   15.92    0.00   0.00   0.00
6 4      0.28503E-08 0.16140E-08 0.89319E-09 0.00000E+00   11.43  580.02 125.77   0.00
6 5     0.36659E-07 0.00000E+00 0.00000E+00 0.00000E+00  401.99    0.00   0.00   0.00
6 6    0.47821E-07 0.00000E+00 0.00000E+00 0.00000E+00  482.06    0.00   0.00   0.00
7 1     0.96900E-09 0.00000E+00 0.00000E+00 0.00000E+00   15.60    0.00   0.00   0.00
7 2    0.38200E-08 0.00000E+00 0.00000E+00 0.00000E+00   18.23    0.00   0.00   0.00
7 3     0.55713E-08 0.35028E-10 0.54359E-08 0.00000E+00   38.17    1.88  17.81   0.00
7 4      0.91690E-08 0.00000E+00 0.00000E+00 0.00000E+00   20.49    0.00   0.00   0.00
7 5     0.32073E-08 0.30424E-08 0.17648E-08 0.00000E+00   29.35  297.44   5.47   0.00
7 6    0.52032E-07 0.00000E+00 0.00000E+00 0.00000E+00  529.68    0.00   0.00   0.00
7 7   0.37755E-07 0.00000E+00 0.00000E+00 0.00000E+00  517.02    0.00   0.00   0.00
8 1     0.12262E-08 0.00000E+00 0.00000E+00 0.00000E+00   21.41    0.00   0.00   0.00
8 2    0.20278E-08 0.00000E+00 0.00000E+00 0.00000E+00   18.08    0.00   0.00   0.00
8 3     0.10891E-08 0.00000E+00 0.00000E+00 0.00000E+00   18.87    0.00   0.00   0.00
8 4      0.60827E-08 0.92198E-08 0.16239E-10 0.00000E+00   19.32   45.30   1.96   0.00
8 5     0.12138E-07 0.64033E-09 0.00000E+00 0.00000E+00   24.29    2.67   0.00   0.00
8 6    0.42472E-08 0.74190E-08 0.48538E-08 0.00000E+00  105.49  772.80  12.87   0.00
8 7   0.67949E-07 0.00000E+00 0.00000E+00 0.00000E+00  671.64    0.00   0.00   0.00
8 8     0.54967E-07 0.00000E+00 0.00000E+00 0.00000E+00  744.74    0.00   0.00   0.00
9 1     0.82844E-09 0.00000E+00 0.00000E+00 0.00000E+00   27.30    0.00   0.00   0.00
9 2    0.24796E-08 0.00000E+00 0.00000E+00 0.00000E+00   26.02    0.00   0.00   0.00
9 3     0.29160E-08 0.29811E-08 0.00000E+00 0.00000E+00   19.30   44.64   0.00   0.00
9 4      0.75562E-10 0.18094E-07 0.00000E+00 0.00000E+00    1.84   26.02   0.00   0.00
9 5     0.18230E-07 0.13364E-10 0.42362E-10 0.00000E+00   28.66    0.09   0.39   0.00
9 6    0.11016E-07 0.77985E-08 0.00000E+00 0.00000E+00   42.07   17.64   0.00   0.00
9 7   0.11214E-07 0.60141E-08 0.83210E-08 0.00000E+00  713.62   13.63 108.87   0.00
9 8     0.89582E-07 0.00000E+00 0.00000E+00 0.00000E+00  827.00    0.00   0.00   0.00
9 9      0.73367E-07 0.00000E+00 0.00000E+00 0.00000E+00  980.60    0.00   0.00   0.00
10 1     0.16612E-08 0.00000E+00 0.00000E+00 0.00000E+00   39.40    0.00   0.00   0.00
10 2    0.19650E-08 0.00000E+00 0.00000E+00 0.00000E+00   34.04    0.00   0.00   0.00
10 3     0.70088E-08 0.00000E+00 0.00000E+00 0.00000E+00   29.71    0.00   0.00   0.00
10 4      0.29943E-07 0.65032E-08 0.00000E+00 0.00000E+00   95.34   26.00   0.00   0.00
10 5     0.65422E-07 0.26047E-07 0.00000E+00 0.00000E+00  109.31   38.02   0.00   0.00
10 6    0.21507E-09 0.48401E-10 0.10112E-07 0.42443E-07    1.73    0.30  22.10  77.61
10 7   0.73881E-08 0.16139E-07 0.00000E+00 0.00000E+00   15.34   46.43   0.00   0.00
10 8     0.28353E-07 0.67295E-08 0.33242E-08 0.00000E+00  348.56   28.19  11.08   0.00
10 9      0.11753E-06 0.00000E+00 0.00000E+00 0.00000E+00  999.94    0.00   0.00   0.00
10 10     0.75535E-07 0.00000E+00 0.00000E+00 0.00000E+00 1096.30    0.00   0.00   0.00
11 1     0.36524E-09 0.00000E+00 0.00000E+00 0.00000E+00    4.34    0.00   0.00   0.00
11 2    0.25177E-10 0.20914E-08 0.00000E+00 0.00000E+00   37.94   52.77   0.00   0.00
11 3     0.47229E-08 0.00000E+00 0.00000E+00 0.00000E+00   42.93    0.00   0.00   0.00
11 4      0.39376E-08 0.61912E-08 0.00000E+00 0.00000E+00  100.13   32.23   0.00   0.00
11 5     0.93588E-08 0.75525E-08 0.00000E+00 0.00000E+00   28.26  166.16   0.00   0.00
11 6    0.17973E-07 0.49237E-07 0.51956E-09 0.00000E+00  136.77   43.12  15.14   0.00
11 7   0.18333E-07 0.32980E-07 0.21743E-09 0.00000E+00   32.35  121.28   2.03   0.00
11 8     0.21927E-07 0.23986E-08 0.96429E-08 0.00000E+00   35.75    4.94 172.59   0.00
11 9      0.52667E-08 0.55117E-08 0.36781E-07 0.00000E+00   16.16   22.13 317.80   0.00
11 10     0.14578E-06 0.00000E+00 0.00000E+00 0.00000E+00 1185.50    0.00   0.00   0.00
11 11    0.74230E-07 0.00000E+00 0.00000E+00 0.00000E+00 1249.50    0.00   0.00   0.00
12 1     0.28345E-08 0.00000E+00 0.00000E+00 0.00000E+00    7.42    0.00   0.00   0.00
12 2    0.12653E-08 0.00000E+00 0.00000E+00 0.00000E+00    5.79    0.00   0.00   0.00
12 3     0.50656E-09 0.25579E-08 0.25077E-08 0.00000E+00   60.79   75.28  95.20   0.00
12 4      0.54393E-08 0.27060E-08 0.00000E+00 0.00000E+00   65.83  156.31   0.00   0.00
12 5     0.91188E-08 0.97571E-08 0.00000E+00 0.00000E+00   36.70  144.33   0.00   0.00
12 6    0.70600E-07 0.11990E-07 0.00000E+00 0.00000E+00  154.77   32.83   0.00   0.00
12 7   0.15221E-06 0.56355E-07 0.00000E+00 0.00000E+00  168.98   36.54   0.00   0.00
12 8     0.72670E-10 0.55499E-09 0.19795E-07 0.67984E-07    0.52    3.61  28.71 122.65
12 9      0.23354E-07 0.17971E-07 0.10436E-07 0.00000E+00   57.44  379.30  16.58   0.00
12 10     0.47398E-08 0.55815E-07 0.91269E-08 0.00000E+00   12.20  419.18  31.14   0.00
12 11    0.17562E-06 0.00000E+00 0.00000E+00 0.00000E+00 1386.10    0.00   0.00   0.00
12 12   0.10226E-06 0.00000E+00 0.00000E+00 0.00000E+00 1489.60    0.00   0.00   0.00
13 1     0.48978E-11 0.60799E-09 0.00000E+00 0.00000E+00    2.05    9.68   0.00   0.00
13 2    0.22552E-10 0.56058E-08 0.00000E+00 0.00000E+00    2.76   10.13   0.00   0.00
13 3     0.47017E-08 0.00000E+00 0.00000E+00 0.00000E+00    8.21    0.00   0.00   0.00
13 4      0.12037E-08 0.43534E-08 0.69715E-08 0.00000E+00   81.60  102.41 122.94   0.00
13 5     0.70871E-08 0.00000E+00 0.00000E+00 0.00000E+00   98.23    0.00   0.00   0.00
13 6    0.24189E-07 0.13438E-07 0.00000E+00 0.00000E+00  130.55   41.79   0.00   0.00
13 7   0.19917E-07 0.37445E-07 0.00000E+00 0.00000E+00   35.76  200.34   0.00   0.00
13 8     0.37634E-07 0.68663E-07 0.00000E+00 0.00000E+00   30.67  159.86   0.00   0.00
13 9      0.79628E-07 0.23610E-08 0.22452E-07 0.58384E-09  143.31    4.22  30.16   0.75
13 10     0.26441E-07 0.71134E-08 0.29975E-07 0.00000E+00   47.69   14.06 242.59   0.00
13 11    0.28288E-07 0.43159E-07 0.11559E-07 0.00000E+00  178.96  586.57  17.65   0.00
13 12   0.20673E-06 0.00000E+00 0.00000E+00 0.00000E+00 1601.80    0.00   0.00   0.00
13 13    0.11532E-06 0.00000E+00 0.00000E+00 0.00000E+00 1773.50    0.00   0.00   0.00
14  1     0.31221E-08 0.00000E+00 0.00000E+00 0.00000E+00   14.16    0.00   0.00   0.00
14  2    0.63587E-08 0.00000E+00 0.00000E+00 0.00000E+00   11.20    0.00   0.00   0.00
14  3     0.13559E-07 0.00000E+00 0.00000E+00 0.00000E+00   11.68    0.00   0.00   0.00
14  4      0.83716E-08 0.00000E+00 0.00000E+00 0.00000E+00   10.14    0.00   0.00   0.00
14  5     0.37241E-07 0.00000E+00 0.00000E+00 0.00000E+00  126.47    0.00   0.00   0.00
14  6    0.70615E-08 0.85429E-08 0.00000E+00 0.00000E+00  234.24   81.37   0.00   0.00
14  7   0.16342E-07 0.24382E-07 0.00000E+00 0.00000E+00   45.80  183.76   0.00   0.00
14  8     0.41029E-07 0.23141E-07 0.00000E+00 0.00000E+00  245.22   39.97   0.00   0.00
14  9      0.59977E-07 0.99144E-07 0.00000E+00 0.00000E+00   40.84  240.15   0.00   0.00
14  10     0.53845E-08 0.64448E-07 0.00000E+00 0.00000E+00  254.05   39.10   0.00   0.00
14  11    0.42224E-07 0.14501E-07 0.00000E+00 0.00000E+00   92.62   17.96   0.00   0.00
14  12   0.96573E-08 0.62033E-07 0.86501E-08 0.90697E-07   40.34 4134.90  14.92 483.94
14  13    0.23880E-06 0.00000E+00 0.00000E+00 0.00000E+00 1832.40    0.00   0.00   0.00
14  14     0.12960E-06 0.00000E+00 0.00000E+00 0.00000E+00 1976.50    0.00   0.00   0.00
15 1     0.13700E-08 0.00000E+00 0.00000E+00 0.00000E+00   14.95    0.00   0.00   0.00
15 2    0.80729E-08 0.11012E-09 0.00000E+00 0.00000E+00   17.56    7.07   0.00   0.00
15 3     0.18172E-07 0.59195E-10 0.00000E+00 0.00000E+00   16.62    2.40   0.00   0.00
15 4      0.17710E-07 0.00000E+00 0.00000E+00 0.00000E+00   13.46    0.00   0.00   0.00
15 5     0.14900E-07 0.00000E+00 0.00000E+00 0.00000E+00   12.11    0.00   0.00   0.00
15 6    0.33052E-08 0.19159E-07 0.51659E-07 0.00000E+00  119.68  163.20 197.20   0.00
15 7   0.10719E-07 0.11147E-07 0.00000E+00 0.00000E+00   59.55  244.72   0.00   0.00
15 8     0.21322E-07 0.19037E-07 0.00000E+00 0.00000E+00  273.50   50.32   0.00   0.00
15 9      0.25517E-07 0.17862E-07 0.00000E+00 0.00000E+00   44.58  295.30   0.00   0.00
15 10     0.12407E-08 0.95121E-07 0.88266E-07 0.00000E+00   13.22   61.67 240.37   0.00
15 11    0.35726E-07 0.23784E-06 0.15130E-08 0.00000E+00   49.10  273.17  11.09   0.00
15 12   0.33539E-07 0.94390E-08 0.73000E-07 0.00000E+00   55.34   17.29 305.05   0.00
15 13    0.79017E-08 0.11609E-06 0.12726E-07 0.00000E+00   13.61  529.25  39.33   0.00
15 14     0.27153E-06 0.00000E+00 0.00000E+00 0.00000E+00 2078.00    0.00   0.00   0.00
15 15    0.14747E-06 0.00000E+00 0.00000E+00 0.00000E+00 2262.00    0.00   0.00   0.00
16 1     0.14263E-08 0.00000E+00 0.00000E+00 0.00000E+00   20.87    0.00   0.00   0.00
16 2    0.25533E-08 0.00000E+00 0.00000E+00 0.00000E+00   15.15    0.00   0.00   0.00
16 3     0.25199E-07 0.00000E+00 0.00000E+00 0.00000E+00   19.48    0.00   0.00   0.00
16 4      0.57075E-07 0.00000E+00 0.00000E+00 0.00000E+00   19.89    0.00   0.00   0.00
16 5     0.41448E-07 0.00000E+00 0.00000E+00 0.00000E+00   16.95    0.00   0.00   0.00
16 6    0.15771E-07 0.00000E+00 0.00000E+00 0.00000E+00   14.09    0.00   0.00   0.00
16 7   0.13534E-07 0.00000E+00 0.00000E+00 0.00000E+00  197.04    0.00   0.00   0.00
16 8     0.13734E-07 0.19489E-07 0.00000E+00 0.00000E+00   60.22  296.76   0.00   0.00
16 9      0.23149E-07 0.28820E-07 0.00000E+00 0.00000E+00   55.10  337.99   0.00   0.00
16 10     0.29460E-07 0.42069E-07 0.00000E+00 0.00000E+00   48.65  341.46   0.00   0.00
16 11    0.10481E-06 0.10795E-06 0.00000E+00 0.00000E+00   61.84  282.43   0.00   0.00
16 12   0.10495E-06 0.89398E-07 0.00000E+00 0.00000E+00   58.55  331.71   0.00   0.00
16 13    0.10759E-07 0.48806E-07 0.89704E-07 0.00000E+00   11.35   74.52 398.20   0.00
16 14     0.14635E-07 0.13946E-06 0.84726E-08 0.00000E+00   41.24  561.41  13.49   0.00
16 15    0.30460E-06 0.00000E+00 0.00000E+00 0.00000E+00 2338.60    0.00   0.00   0.00
16 16   0.16126E-06 0.00000E+00 0.00000E+00 0.00000E+00 2493.90    0.00   0.00   0.00
17 1     0.61744E-09 0.00000E+00 0.00000E+00 0.00000E+00   27.61    0.00   0.00   0.00
17 2    0.59857E-08 0.00000E+00 0.00000E+00 0.00000E+00   25.22    0.00   0.00   0.00
17 3     0.23832E-07 0.00000E+00 0.00000E+00 0.00000E+00   26.93    0.00   0.00   0.00
17 4      0.34167E-07 0.24798E-07 0.00000E+00 0.00000E+00   27.42   18.60   0.00   0.00
17 5     0.75569E-07 0.00000E+00 0.00000E+00 0.00000E+00   22.02    0.00   0.00   0.00
17 6    0.56364E-07 0.00000E+00 0.00000E+00 0.00000E+00   18.95    0.00   0.00   0.00
17 7   0.14257E-07 0.33554E-07 0.00000E+00 0.00000E+00  130.87   16.46   0.00   0.00
17 8     0.11938E-06 0.00000E+00 0.00000E+00 0.00000E+00  249.90    0.00   0.00   0.00
17 9      0.27558E-06 0.72516E-08 0.00000E+00 0.00000E+00  261.61   85.96   0.00   0.00
17 10     0.34885E-07 0.34467E-08 0.18982E-06 0.00000E+00  180.00   37.91 304.69   0.00
17 11    0.27490E-06 0.27766E-07 0.00000E+00 0.00000E+00  288.60   39.68   0.00   0.00
17 12   0.38653E-06 0.75191E-07 0.00000E+00 0.00000E+00  372.81   52.02   0.00   0.00
17 13    0.53477E-07 0.34686E-06 0.00000E+00 0.00000E+00   51.37  393.80   0.00   0.00
17 14     0.44154E-07 0.98829E-08 0.11284E-06 0.00000E+00   59.13   11.43 374.89   0.00
17 15    0.14092E-07 0.14407E-06 0.15849E-07 0.00000E+00   98.61  509.91  16.87   0.00
17 16   0.33772E-06 0.00000E+00 0.00000E+00 0.00000E+00 2614.20    0.00   0.00   0.00
17 17  0.18038E-06 0.00000E+00 0.00000E+00 0.00000E+00 2784.40    0.00   0.00   0.00
18 1     0.18972E-07 0.00000E+00 0.00000E+00 0.00000E+00   44.41    0.00   0.00   0.00
18 2    0.87035E-08 0.00000E+00 0.00000E+00 0.00000E+00   32.74    0.00   0.00   0.00
18 3     0.25039E-07 0.00000E+00 0.00000E+00 0.00000E+00   30.42    0.00   0.00   0.00
18 4      0.24985E-07 0.00000E+00 0.00000E+00 0.00000E+00   26.73    0.00   0.00   0.00
18 5     0.87476E-07 0.00000E+00 0.00000E+00 0.00000E+00   24.81    0.00   0.00   0.00
18 6    0.92957E-07 0.00000E+00 0.00000E+00 0.00000E+00   24.73    0.00   0.00   0.00
18 7   0.69297E-07 0.00000E+00 0.00000E+00 0.00000E+00   20.23    0.00   0.00   0.00
18 8     0.19059E-07 0.40427E-07 0.00000E+00 0.00000E+00  124.64   18.31   0.00   0.00
18 9      0.21771E-06 0.00000E+00 0.00000E+00 0.00000E+00  349.99    0.00   0.00   0.00
18 10     0.59170E-07 0.20566E-08 0.32897E-06 0.00000E+00  194.27   58.56 324.25   0.00
18 11    0.42213E-08 0.51425E-07 0.25244E-06 0.00000E+00   39.41  201.16 343.01   0.00
18 12   0.38763E-07 0.71362E-07 0.00000E+00 0.00000E+00   55.34  410.96   0.00   0.00
18 13    0.14932E-06 0.89788E-07 0.00000E+00 0.00000E+00  321.70   56.04   0.00   0.00
18 14     0.87758E-07 0.10478E-06 0.00000E+00 0.00000E+00  251.18   47.65   0.00   0.00
18 15    0.15891E-06 0.20228E-07 0.48317E-07 0.00000E+00  503.55   21.30  80.46   0.00
18 16   0.12110E-07 0.16771E-07 0.18950E-06 0.00000E+00   15.18   50.83 627.01   0.00
18 17  0.37057E-06 0.00000E+00 0.00000E+00 0.00000E+00 2904.80    0.00   0.00   0.00
18 18    0.19478E-06 0.00000E+00 0.00000E+00 0.00000E+00 3055.50    0.00   0.00   0.00
19 1     0.15895E-09 0.00000E+00 0.00000E+00 0.00000E+00    3.09    0.00   0.00   0.00
19 2    0.18358E-07 0.00000E+00 0.00000E+00 0.00000E+00   35.49    0.00   0.00   0.00
19 3     0.69676E-07 0.00000E+00 0.00000E+00 0.00000E+00   35.30    0.00   0.00   0.00
19 4      0.74360E-07 0.00000E+00 0.00000E+00 0.00000E+00   33.70    0.00   0.00   0.00
19 5     0.51281E-07 0.00000E+00 0.00000E+00 0.00000E+00   34.62    0.00   0.00   0.00
19 6    0.19928E-07 0.93442E-07 0.00000E+00 0.00000E+00   57.66   26.81   0.00   0.00
19 7   0.11486E-06 0.00000E+00 0.00000E+00 0.00000E+00   28.16    0.00   0.00   0.00
19 8     0.87107E-07 0.00000E+00 0.00000E+00 0.00000E+00   22.68    0.00   0.00   0.00
19 9      0.35334E-07 0.48322E-07 0.00000E+00 0.00000E+00  162.14   20.08   0.00   0.00
19 10     0.32421E-06 0.00000E+00 0.00000E+00 0.00000E+00  403.62    0.00   0.00   0.00
19 11    0.22700E-06 0.29562E-06 0.42190E-08 0.00000E+00  273.87  411.36  71.41   0.00
19 12   0.51766E-07 0.48132E-08 0.34464E-06 0.00000E+00  207.87   40.64 389.25   0.00
19 13    0.43834E-07 0.87668E-07 0.00000E+00 0.00000E+00   59.55  448.94   0.00   0.00
19 14     0.11063E-06 0.41839E-08 0.16884E-06 0.00000E+00   70.38   21.64 440.49   0.00
19 15    0.64086E-07 0.45226E-06 0.00000E+00 0.00000E+00   58.44  500.92   0.00   0.00
19 16   0.53607E-07 0.12456E-07 0.20501E-06 0.00000E+00   66.32   15.06 472.06   0.00
19 17  0.13790E-07 0.18636E-07 0.20503E-06 0.00000E+00   15.77   56.46 643.42   0.00
19 18    0.40284E-06 0.00000E+00 0.00000E+00 0.00000E+00 3210.40    0.00   0.00   0.00
19 19     0.21437E-06 0.00000E+00 0.00000E+00 0.00000E+00 3221.70    0.00   0.00   0.00
20 1     0.19408E-08 0.00000E+00 0.00000E+00 0.00000E+00    5.07    0.00   0.00   0.00
20 2    0.10475E-07 0.00000E+00 0.00000E+00 0.00000E+00    9.92    0.00   0.00   0.00
20 3     0.34812E-07 0.00000E+00 0.00000E+00 0.00000E+00   41.94    0.00   0.00   0.00
20 4      0.73736E-07 0.00000E+00 0.00000E+00 0.00000E+00   41.03    0.00   0.00   0.00
20 5     0.96017E-07 0.00000E+00 0.00000E+00 0.00000E+00   30.08    0.00   0.00   0.00
20 6    0.66691E-07 0.00000E+00 0.00000E+00 0.00000E+00   37.76    0.00   0.00   0.00
20 7   0.83032E-07 0.49007E-07 0.00000E+00 0.00000E+00   31.81   49.80   0.00   0.00
20 8     0.12470E-06 0.00000E+00 0.00000E+00 0.00000E+00   27.70    0.00   0.00   0.00
20 9      0.26376E-08 0.12300E-06 0.11273E-06 0.00000E+00  108.18  425.00  27.04   0.00
20 10     0.53976E-07 0.77365E-08 0.84131E-07 0.00000E+00   21.27   72.42 296.30   0.00
20 11    0.43039E-06 0.00000E+00 0.00000E+00 0.00000E+00  461.35    0.00   0.00   0.00
20 12   0.27027E-08 0.95588E-07 0.58261E-06 0.00000E+00   60.66  232.90 414.65   0.00
20 13    0.64571E-07 0.55062E-08 0.43891E-06 0.00000E+00  227.98   42.01 428.61   0.00
20 14     0.40582E-07 0.44622E-06 0.00000E+00 0.00000E+00   58.33  481.87   0.00   0.00
20 15    0.99273E-07 0.56277E-06 0.00000E+00 0.00000E+00   60.11  509.27   0.00   0.00
20 16   0.68908E-07 0.51125E-06 0.00000E+00 0.00000E+00   61.85  531.91   0.00   0.00
20 17  0.23298E-06 0.23758E-07 0.55664E-07 0.00000E+00  529.49   21.48  86.16   0.00
20 18    0.14570E-07 0.20994E-07 0.23139E-06 0.00000E+00   15.76   58.55 675.59   0.00
20 19     0.43423E-06 0.00000E+00 0.00000E+00 0.00000E+00 3531.10    0.00   0.00   0.00
20 20    0.26375E-06 0.00000E+00 0.00000E+00 0.00000E+00 4288.40    0.00   0.00   0.00
21 1     0.33937E-08 0.00000E+00 0.00000E+00 0.00000E+00    9.67    0.00   0.00   0.00
21 2    0.18814E-07 0.00000E+00 0.00000E+00 0.00000E+00   17.00    0.00   0.00   0.00
21 3     0.39478E-08 0.00000E+00 0.00000E+00 0.00000E+00   11.19    0.00   0.00   0.00
21 4      0.58864E-07 0.00000E+00 0.00000E+00 0.00000E+00   46.98    0.00   0.00   0.00
21 5     0.67673E-07 0.24664E-06 0.00000E+00 0.00000E+00   61.16   25.80   0.00   0.00
21 6    0.12128E-06 0.10287E-06 0.00000E+00 0.00000E+00  107.07   25.89   0.00   0.00
21 7   0.82929E-07 0.00000E+00 0.00000E+00 0.00000E+00   43.08    0.00   0.00   0.00
21 8     0.37370E-07 0.11878E-06 0.00000E+00 0.00000E+00  131.64   42.28   0.00   0.00
21 9      0.25841E-07 0.14542E-06 0.00000E+00 0.00000E+00  142.17   31.70   0.00   0.00
21 10     0.41990E-07 0.97187E-07 0.00000E+00 0.00000E+00  114.16   26.44   0.00   0.00
21 11    0.24227E-07 0.14000E-06 0.60410E-07 0.00000E+00  131.74  450.00  22.84   0.00
21 12   0.25366E-06 0.26316E-06 0.00000E+00 0.00000E+00  366.00  529.00   0.00   0.00
21 13    0.32191E-06 0.54315E-06 0.48707E-08 0.00000E+00  321.26  518.04  71.17   0.00
21 14     0.87366E-07 0.62262E-08 0.53908E-06 0.00000E+00  253.28   43.62 487.55   0.00
21 15    0.51102E-06 0.44710E-07 0.00000E+00 0.00000E+00  542.66   60.95   0.00   0.00
21 16   0.63135E-06 0.10803E-06 0.00000E+00 0.00000E+00  577.27   61.85   0.00   0.00
21 17  0.71125E-07 0.57259E-06 0.00000E+00 0.00000E+00   61.10  570.26   0.00   0.00
21 18    0.28695E-07 0.58948E-07 0.29049E-06 0.00000E+00   22.44   93.06 577.76   0.00
21 19     0.18425E-07 0.22134E-07 0.27133E-06 0.00000E+00   17.33   74.29 731.57   0.00
21 20    0.46442E-06 0.00000E+00 0.00000E+00 0.00000E+00 3866.70    0.00   0.00   0.00
21 21   0.24994E-06 0.00000E+00 0.00000E+00 0.00000E+00 4036.00    0.00   0.00   0.00
22 1     0.28191E-08 0.00000E+00 0.00000E+00 0.00000E+00   11.70    0.00   0.00   0.00
22 2    0.11491E-07 0.00000E+00 0.00000E+00 0.00000E+00   14.30    0.00   0.00   0.00
22 3     0.20817E-07 0.00000E+00 0.00000E+00 0.00000E+00   23.13    0.00   0.00   0.00
22 4      0.61416E-07 0.00000E+00 0.00000E+00 0.00000E+00   50.94    0.00   0.00   0.00
22 5     0.73091E-07 0.00000E+00 0.00000E+00 0.00000E+00   46.56    0.00   0.00   0.00
22 6    0.18490E-06 0.00000E+00 0.00000E+00 0.00000E+00   53.54    0.00   0.00   0.00
22 7   0.18439E-06 0.00000E+00 0.00000E+00 0.00000E+00   51.34    0.00   0.00   0.00
22 8     0.99104E-07 0.00000E+00 0.00000E+00 0.00000E+00   45.86    0.00   0.00   0.00
22 9      0.12085E-06 0.66932E-07 0.00000E+00 0.00000E+00   37.03   72.23   0.00   0.00
22 10     0.16869E-06 0.00000E+00 0.00000E+00 0.00000E+00   32.99    0.00   0.00   0.00
22 11    0.46636E-07 0.22300E-06 0.66576E-07 0.00000E+00  140.52  553.00  30.74   0.00
22 12   0.68442E-07 0.30808E-07 0.22800E-06 0.00000E+00   24.17  151.73 525.00   0.00
22 13    0.65695E-06 0.00000E+00 0.00000E+00 0.00000E+00  515.79    0.00   0.00   0.00
22 14     0.19186E-06 0.40962E-08 0.86568E-06 0.00000E+00  296.21   64.61 525.97   0.00
22 15    0.73660E-08 0.56468E-06 0.20412E-06 0.00000E+00   46.05  575.33 322.95   0.00
22 16   0.48730E-07 0.58214E-06 0.00000E+00 0.00000E+00   64.33  585.52   0.00   0.00
22 17  0.70633E-06 0.11809E-06 0.00000E+00 0.00000E+00  619.14   65.17   0.00   0.00
22 18    0.63289E-06 0.72789E-07 0.00000E+00 0.00000E+00  643.97   60.37   0.00   0.00
22 19     0.29054E-06 0.53222E-07 0.87913E-07 0.00000E+00  752.79   35.61 204.16   0.00
22 20    0.25232E-07 0.18939E-07 0.29455E-06 0.00000E+00   75.02   17.10 755.19   0.00
22 21   0.49311E-06 0.00000E+00 0.00000E+00 0.00000E+00 4217.30    0.00   0.00   0.00
22 22  0.26375E-06 0.00000E+00 0.00000E+00 0.00000E+00 4288.40    0.00   0.00   0.00
23 1     0.21424E-08 0.00000E+00 0.00000E+00 0.00000E+00   17.42    0.00   0.00   0.00
23 2    0.78066E-08 0.00000E+00 0.00000E+00 0.00000E+00   11.72    0.00   0.00   0.00
23 3     0.27856E-07 0.00000E+00 0.00000E+00 0.00000E+00   24.81    0.00   0.00   0.00
23 4      0.35211E-07 0.00000E+00 0.00000E+00 0.00000E+00   29.44    0.00   0.00   0.00
23 5     0.48082E-07 0.00000E+00 0.00000E+00 0.00000E+00   33.32    0.00   0.00   0.00
23 6    0.11759E-06 0.00000E+00 0.00000E+00 0.00000E+00   59.55    0.00   0.00   0.00
23 7   0.34152E-06 0.12312E-06 0.00000E+00 0.00000E+00   97.42   17.85   0.00   0.00
23 8     0.51241E-07 0.40645E-06 0.00000E+00 0.00000E+00   18.32  126.38   0.00   0.00
23 9      0.11538E-06 0.00000E+00 0.00000E+00 0.00000E+00   51.23    0.00   0.00   0.00
23 10     0.73348E-07 0.11775E-06 0.00000E+00 0.00000E+00  194.76   66.20   0.00   0.00
23 11    0.72700E-07 0.17038E-06 0.00000E+00 0.00000E+00  189.63   33.14   0.00   0.00
23 12   0.84181E-07 0.11566E-06 0.00000E+00 0.00000E+00  204.22   33.17   0.00   0.00
23 13    0.40285E-07 0.31500E-06 0.76307E-07 0.00000E+00  171.22  590.00  26.59   0.00
23 14     0.34034E-06 0.40898E-06 0.00000E+00 0.00000E+00  424.00  675.00   0.00   0.00
23 15    0.36558E-06 0.91627E-06 0.54641E-08 0.00000E+00  357.22  616.12  67.97   0.00
23 16   0.17002E-06 0.79274E-08 0.73716E-06 0.00000E+00  319.62   46.81 603.05   0.00
23 17  0.53207E-07 0.64047E-06 0.00000E+00 0.00000E+00   69.25  651.73   0.00   0.00
23 18    0.78088E-06 0.13151E-06 0.00000E+00 0.00000E+00  684.21   72.45   0.00   0.00
23 19     0.78315E-07 0.69790E-06 0.00000E+00 0.00000E+00   67.71  695.99   0.00   0.00
23 20    0.34066E-07 0.68886E-07 0.38041E-06 0.00000E+00   28.56  103.67 686.30   0.00
23 21   0.31912E-06 0.26730E-07 0.18169E-07 0.00000E+00  760.25   70.07  15.81   0.00
23 22  0.52000E-06 0.00000E+00 0.00000E+00 0.00000E+00 4583.00    0.00   0.00   0.00
23 23   0.28122E-06 0.00000E+00 0.00000E+00 0.00000E+00 4701.20    0.00   0.00   0.00
24 1     0.89688E-09 0.00000E+00 0.00000E+00 0.00000E+00   11.46    0.00   0.00   0.00
24 2    0.62282E-08 0.00000E+00 0.00000E+00 0.00000E+00   17.27    0.00   0.00   0.00
24 3     0.19777E-07 0.00000E+00 0.00000E+00 0.00000E+00   20.73    0.00   0.00   0.00
24 4      0.43796E-07 0.00000E+00 0.00000E+00 0.00000E+00   26.16    0.00   0.00   0.00
24 5     0.53837E-07 0.00000E+00 0.00000E+00 0.00000E+00   38.54    0.00   0.00   0.00
24 6    0.10407E-06 0.00000E+00 0.00000E+00 0.00000E+00   50.95    0.00   0.00   0.00
24 7   0.14197E-06 0.00000E+00 0.00000E+00 0.00000E+00   63.92    0.00   0.00   0.00
24 8     0.83989E-07 0.38826E-06 0.00000E+00 0.00000E+00   17.50  113.67   0.00   0.00
24 9      0.42565E-07 0.41803E-06 0.00000E+00 0.00000E+00   18.10  136.16   0.00   0.00
24 10     0.12736E-06 0.00000E+00 0.00000E+00 0.00000E+00   54.37    0.00   0.00   0.00
24 11    0.11538E-06 0.15694E-06 0.00000E+00 0.00000E+00  213.30   74.91   0.00   0.00
24 12   0.10494E-06 0.18558E-06 0.00000E+00 0.00000E+00  198.60   34.18   0.00   0.00
24 13    0.89493E-07 0.12966E-06 0.00000E+00 0.00000E+00  223.96   36.55   0.00   0.00
24 14     0.53989E-07 0.43600E-06 0.95638E-07 0.00000E+00  185.98  650.00  28.74   0.00
24 15    0.39422E-06 0.52893E-06 0.00000E+00 0.00000E+00  727.00  456.00   0.00   0.00
24 16   0.11058E-05 0.40677E-06 0.60237E-08 0.00000E+00  672.79  379.90  66.51   0.00
24 17  0.21014E-06 0.88169E-08 0.85335E-06 0.00000E+00  348.03   48.37 672.27   0.00
24 18    0.56355E-07 0.72843E-06 0.00000E+00 0.00000E+00   70.84  688.24   0.00   0.00
24 19     0.86167E-06 0.13820E-06 0.00000E+00 0.00000E+00  731.78   77.16   0.00   0.00
24 20    0.85820E-07 0.76567E-06 0.00000E+00 0.00000E+00   69.18  746.80   0.00   0.00
24 21   0.53898E-07 0.10739E-06 0.38675E-06 0.00000E+00   35.30  186.94 825.61   0.00
24 22  0.19258E-07 0.32398E-07 0.33784E-06 0.00000E+00   16.30   74.73 801.76   0.00
24 23   0.54476E-06 0.00000E+00 0.00000E+00 0.00000E+00 4963.60    0.00   0.00   0.00
24 24    0.30001E-06 0.00000E+00 0.00000E+00 0.00000E+00 4962.40    0.00   0.00   0.00
25 1     0.17609E-09 0.80041E-10 0.00000E+00 0.00000E+00    5.12   12.90   0.00   0.00
25 2    0.18409E-08 0.21611E-08 0.00000E+00 0.00000E+00   16.70   31.40   0.00   0.00
25 3     0.12006E-07 0.37619E-08 0.00000E+00 0.00000E+00   28.60   52.10   0.00   0.00
25 4      0.30416E-07 0.12807E-07 0.00000E+00 0.00000E+00   37.30   67.40   0.00   0.00
25 5     0.64033E-07 0.19210E-07 0.00000E+00 0.00000E+00   54.20  100.00   0.00   0.00
25 6    0.73638E-07 0.32817E-07 0.00000E+00 0.00000E+00   45.50  360.00   0.00   0.00
25 7   0.12807E-06 0.28815E-07 0.00000E+00 0.00000E+00   66.70  123.00   0.00   0.00
25 8     0.14407E-06 0.56029E-07 0.00000E+00 0.00000E+00   66.10  129.00   0.00   0.00
25 9      0.11206E-06 0.20811E-06 0.00000E+00 0.00000E+00   21.60  136.00   0.00   0.00
25 10     0.80041E-07 0.22412E-06 0.00000E+00 0.00000E+00   22.20  144.00   0.00   0.00
25 11    0.18009E-06 0.18489E-06 0.00000E+00 0.00000E+00   59.60  362.00   0.00   0.00
25 12   0.19210E-06 0.13607E-06 0.00000E+00 0.00000E+00   75.00  205.00   0.00   0.00
25 13    0.20811E-06 0.12807E-06 0.00000E+00 0.00000E+00   36.30  193.00   0.00   0.00
25 14     0.15208E-06 0.72037E-07 0.00000E+00 0.00000E+00   39.40  198.00   0.00   0.00
25 15    0.96049E-07 0.96049E-07 0.48025E-06 0.00000E+00   24.60  248.00 560.00   0.00
25 16   0.45040E-06 0.63367E-06 0.00000E+00 0.00000E+00  479.98  802.63   0.00   0.00
25 17  0.20250E-08 0.26894E-07 0.14487E-06 0.15368E-05   22.50  117.00 341.00 683.00
25 18    0.20550E-06 0.88031E-07 0.85446E-06 0.00000E+00  346.23   48.25 662.92   0.00
25 19     0.12807E-07 0.57389E-07 0.72517E-07 0.59150E-06   23.70   85.10 329.00 787.00
25 20    0.14808E-07 0.76279E-07 0.63232E-07 0.98451E-06   13.20   66.60 297.00 714.00
25 21   0.74358E-09 0.10325E-06 0.15368E-06 0.72997E-06   39.10   80.30 392.00 919.00
25 22  0.40660E-07 0.83362E-07 0.49659E-06 0.00000E+00   29.03  113.33 765.77   0.00
25 23   0.34225E-07 0.37699E-06 0.18407E-07 0.00000E+00   68.95  850.53  15.15   0.00
25 24    0.56710E-06 0.00000E+00 0.00000E+00 0.00000E+00 5359.30    0.00   0.00   0.00
25 25   0.29516E-06 0.00000E+00 0.00000E+00 0.00000E+00 5170.20    0.00   0.00   0.00
26 1     0.22840E-09 0.22710E-09 0.00000E+00 0.00000E+00    4.98   22.91   0.00   0.00
26 2    0.22863E-08 0.00000E+00 0.00000E+00 0.00000E+00   12.45    0.00   0.00   0.00
26 3     0.32233E-08 0.00000E+00 0.00000E+00 0.00000E+00   25.86    0.00   0.00   0.00
26 4      0.95344E-08 0.00000E+00 0.00000E+00 0.00000E+00   38.41    0.00   0.00   0.00
26 5     0.26180E-07 0.00000E+00 0.00000E+00 0.00000E+00   48.58    0.00   0.00   0.00
26 6    0.67838E-07 0.00000E+00 0.00000E+00 0.00000E+00   62.93    0.00   0.00   0.00
26 7   0.10306E-06 0.00000E+00 0.00000E+00 0.00000E+00   72.02    0.00   0.00   0.00
26 8     0.15311E-06 0.00000E+00 0.00000E+00 0.00000E+00   86.37    0.00   0.00   0.00
26 9      0.17157E-06 0.00000E+00 0.00000E+00 0.00000E+00   72.69    0.00   0.00   0.00
26 10     0.14307E-06 0.16201E-06 0.00000E+00 0.00000E+00  168.91   34.83   0.00   0.00
26 11    0.11540E-06 0.12751E-06 0.00000E+00 0.00000E+00   35.01  151.68   0.00   0.00
26 12   0.12719E-06 0.63059E-07 0.37034E-08 0.00000E+00   57.51  168.17  26.25   0.00
26 13    0.13237E-06 0.25549E-06 0.00000E+00 0.00000E+00  168.97   64.70   0.00   0.00
26 14     0.24285E-06 0.11802E-06 0.00000E+00 0.00000E+00   40.02  175.65   0.00   0.00
26 15    0.18853E-06 0.50509E-07 0.00000E+00 0.00000E+00   41.34  141.64   0.00   0.00
26 16   0.64510E-07 0.10618E-06 0.73900E-06 0.00000E+00  225.14   31.83 800.00   0.00
26 17  0.63086E-06 0.65626E-06 0.00000E+00 0.00000E+00  529.42 1008.70   0.00   0.00
26 18    0.39235E-06 0.16012E-05 0.70027E-08 0.00000E+00  402.99  764.22  60.93   0.00
26 19     0.28624E-06 0.10800E-07 0.11109E-05 0.00000E+00  401.26   51.05 790.07   0.00
26 20    0.50114E-06 0.93988E-07 0.00000E+00 0.00000E+00  952.95   98.49   0.00   0.00
26 21   0.15506E-06 0.10260E-05 0.00000E+00 0.00000E+00   81.58  854.70   0.00   0.00
26 22  0.10232E-06 0.90957E-06 0.00000E+00 0.00000E+00   72.97  844.92   0.00   0.00
26 23   0.24593E-06 0.48967E-06 0.85341E-07 0.00000E+00  392.60 1472.70  45.01   0.00
26 24    0.19473E-07 0.40341E-07 0.37772E-06 0.00000E+00   15.52   75.15 852.54   0.00
26 25   0.58671E-06 0.00000E+00 0.00000E+00 0.00000E+00 5769.90    0.00   0.00   0.00
26 26  0.32918E-06 0.00000E+00 0.00000E+00 0.00000E+00 5630.50    0.00   0.00   0.00
27 1     0.12215E-08 0.00000E+00 0.00000E+00 0.00000E+00   13.74    0.00   0.00   0.00
27 2    0.73715E-08 0.00000E+00 0.00000E+00 0.00000E+00   22.44    0.00   0.00   0.00
27 3     0.19282E-07 0.00000E+00 0.00000E+00 0.00000E+00   35.28    0.00   0.00   0.00
27 4      0.14293E-07 0.00000E+00 0.00000E+00 0.00000E+00   42.05    0.00   0.00   0.00
27 5     0.39455E-07 0.00000E+00 0.00000E+00 0.00000E+00   51.18    0.00   0.00   0.00
27 6    0.79827E-07 0.00000E+00 0.00000E+00 0.00000E+00   51.59    0.00   0.00   0.00
27 7   0.87853E-07 0.00000E+00 0.00000E+00 0.00000E+00   56.15    0.00   0.00   0.00
27 8     0.12397E-06 0.00000E+00 0.00000E+00 0.00000E+00   64.77    0.00   0.00   0.00
27 9      0.17935E-06 0.00000E+00 0.00000E+00 0.00000E+00  107.38    0.00   0.00   0.00
27 10     0.19514E-06 0.00000E+00 0.00000E+00 0.00000E+00   78.39    0.00   0.00   0.00
27 11    0.60139E-07 0.42136E-06 0.00000E+00 0.00000E+00  152.86   65.05   0.00   0.00
27 12   0.54192E-06 0.00000E+00 0.00000E+00 0.00000E+00   65.50    0.00   0.00   0.00
27 13    0.86652E-07 0.12526E-06 0.00000E+00 0.00000E+00  149.47   56.39   0.00   0.00
27 14     0.11844E-06 0.35675E-06 0.00000E+00 0.00000E+00  127.62   51.44   0.00   0.00
27 15    0.98852E-07 0.29036E-06 0.00000E+00 0.00000E+00  156.31   45.15   0.00   0.00
27 16   0.97305E-07 0.16729E-06 0.00000E+00 0.00000E+00   54.88   40.25   0.00   0.00
27 17  0.90000E-06 0.83006E-07 0.10862E-06 0.00000E+00  870.00  244.40  32.59   0.00
27 18    0.54873E-06 0.95218E-06 0.00000E+00 0.00000E+00  542.00  952.00   0.00   0.00
27 19     0.45631E-06 0.18023E-05 0.79826E-08 0.00000E+00  431.64  831.14  58.84   0.00
27 20    0.11945E-07 0.12457E-05 0.33260E-06 0.00000E+00   52.53  865.71 429.76   0.00
27 21   0.13544E-06 0.65958E-06 0.00000E+00 0.00000E+00   91.34  905.64   0.00   0.00
27 22  0.10527E-05 0.17028E-06 0.00000E+00 0.00000E+00  960.14   92.17   0.00   0.00
27 23   0.11189E-06 0.98118E-06 0.00000E+00 0.00000E+00   75.94  911.30   0.00   0.00
27 24    0.71156E-07 0.92295E-07 0.57777E-06 0.00000E+00   37.23  168.82 936.53   0.00
27 25   0.44618E-07 0.19518E-07 0.39700E-06 0.00000E+00   75.44   15.11 880.65   0.00
27 26  0.63280E-06 0.00000E+00 0.00000E+00 0.00000E+00 6195.50    0.00   0.00   0.00
27 27 0.35363E-06 0.00000E+00 0.00000E+00 0.00000E+00 6011.90    0.00   0.00   0.00
-1
  Ionization balance for optically thin plasmas: rate coefficients for all atoms
  and ions of the elements H to Ni.
         Mazzotta P., Mazzitelli G., Colafrancesco S., Vittorio N.
        <Astron. Astrophys. Suppl. Ser. 133, 403 (1998)>
        =1998A&AS..133..403M
  
  Byte-by-byte Description of file:  table1.dat
     Bytes Format Units   Label     Explanations
     1-  8  A8    ---     Ion       Ion's label
    10- 20  E11.5 cm3/s   c1        c1 coefficient
    22- 32  E11.5 cm3/s   c2        ? c2 coefficient
    34- 44  E11.5 cm3/s   c3        ? c3 coefficient
    46- 56  E11.5 cm3/s   c4        ? c4 coefficient
    58- 64  F7.2  cm3/s   E1        E1 coefficient
    66- 72  F7.2  cm3/s   E2        ? E2 coefficient
    74- 79  F6.2  cm3/s   E3        ? E3 coefficient
    81- 86  F6.2  cm3/s   E4        ? E4 coefficient
Modified: Moritz Günther, 18.04.2005
-1